# Created by Octave 5.2.0, Thu May 12 08:26:26 2022 CEST <fulvio@fulvio-virtual-machine>
# name: X
# type: matrix
# ndims: 3
 3 3 2
 0
 1
 0
 -1
 0
 0
 5
 6
 1
 0
 1
 0
 -1
 0
 0
 5
 6
 1


