# Created by Octave 5.2.0, Fri May 13 20:15:20 2022 CEST <fulvio@fulvio-virtual-machine>
# name: eval_correction
# type: scalar
39


# name: XR
# type: matrix
# ndims: 3
 3 3 301
 0.99431231460207969
 -0.10650361980071354
 0
 0.10650361980071354
 0.99431231460207969
 0
 0.42485499999999998
 0.94128900000000004
 1
 0.81909441937555283
 0.57365872445891197
 0
 -0.57365872445891175
 0.81909441937555294
 0
 0.54904541178393496
 1.4516798258898664
 1
 0.75815660308746835
 0.65207251528865295
 0
 -0.65207251528865329
 0.75815660308746857
 0
 0.74151124640544108
 2.4566090124028932
 1
 0.40674906506404229
 0.91353992691591068
 0
 -0.91353992691591057
 0.40674906506404235
 0
 0.72423607151238911
 3.2710899633895623
 1
 -0.55499467708520711
 0.83185389847441771
 0
 -0.83185389847441771
 -0.554994677085207
 0
 -0.21003407301676441
 2.9050627391872736
 1
 0.99621567553179224
 0.086915636249960862
 0
 -0.086915636249960876
 0.99621567553179202
 0
 1.3767926059983004
 3.2126632811706193
 1
 0.99997204602930445
 -0.0074771090647965848
 0
 0.0074771090647965588
 0.99997204602930445
 0
 1.9402946556543663
 3.050087306151458
 1
 -0.314954877510495
 -0.94910664581613213
 0
 0.94910664581613247
 -0.31495487751049506
 0
 1.3891332442334774
 3.2016341889525983
 1
 0.93820763869995261
 -0.34607286326012182
 0
 0.34607286326012177
 0.9382076386999525
 0
 1.844109695371885
 3.0018806777336491
 1
 -0.63193136502512648
 -0.77502435438989958
 0
 0.77502435438989947
 -0.63193136502512659
 0
 1.7076877040540948
 1.9414557150397718
 1
 -0.98587382735703832
 -0.16748969082419538
 0
 0.16748969082419538
 -0.98587382735703832
 0
 1.3459784305528226
 1.0968967070648195
 1
 -0.88148001702591894
 -0.47222132478741935
 0
 0.47222132478741957
 -0.88148001702591916
 0
 1.0952330358619051
 1.0825915439787419
 1
 0.83738631947529818
 -0.54661151831590082
 0
 0.54661151831590071
 0.83738631947529796
 0
 1.5995084980837182
 1.1866485450949786
 1
 0.72881115479674408
 0.6847147585994009
 0
 -0.68471475859940101
 0.72881115479674419
 0
 0.92136328560107461
 1.3866309784515063
 1
 0.9978367147272269
 0.065741088691738406
 0
 -0.06574108869173842
 0.9978367147272269
 0
 2.9061225938206725
 -0.022668247847022732
 1
 -0.19829087108730931
 0.98014321935288429
 0
 -0.9801432193528844
 -0.19829087108730931
 0
 0.87925125323175379
 1.3905139204834529
 1
 0.89304688131479992
 0.44996362939009849
 0
 -0.44996362939009849
 0.89304688131479992
 0
 2.6627791002019636
 -0.10798794667068234
 1
 0.78568428058076079
 0.61862768386832845
 0
 -0.61862768386832845
 0.78568428058076079
 0
 3.7074904925894994
 0.022236549140126849
 1
 0.94214328574652995
 0.33521042514028815
 0
 -0.33521042514028815
 0.94214328574652983
 0
 4.7496836074702813
 0.19576757513874177
 1
 0.89058790412950983
 -0.45481115313743947
 0
 0.45481115313743931
 0.89058790412950961
 0
 6.5282565916460307
 0.27883414595715567
 1
 0.79289477726765412
 -0.6093585743892318
 0
 0.60935857438923191
 0.79289477726765412
 0
 7.2278822979986392
 0.27951679654715311
 1
 0.95013789865034548
 -0.31183003952202171
 0
 0.31183003952202165
 0.95013789865034537
 0
 7.3634161045788105
 0.31030277425268488
 1
 -0.24423917301755982
 0.96971502327420844
 0
 -0.96971502327420833
 -0.24423917301755985
 0
 7.5576364610144635
 0.21882130498931754
 1
 0.98998049240928976
 0.14120419487062183
 0
 -0.14120419487062186
 0.98998049240928976
 0
 8.4033800790074249
 0.24110198825940574
 1
 0.99982101442819593
 0.018919278732907028
 0
 -0.018919278732907014
 0.99982101442819582
 0
 9.5125876759461914
 0.206155593530153
 1
 0.96849074323882389
 0.24904955382556029
 0
 -0.24904955382556029
 0.96849074323882389
 0
 10.129091411983334
 -0.0088909308583138696
 1
 0.99288776426821501
 0.11905413712452902
 0
 -0.11905413712452897
 0.99288776426821457
 0
 11.948606889825326
 0.15195269178129506
 1
 0.99267776401658436
 -0.12079261909170545
 0
 0.12079261909170547
 0.99267776401658447
 0
 10.662042688740735
 -0.28630123525689205
 1
 0.98975872488710859
 0.14275036430722082
 0
 -0.14275036430722082
 0.98975872488710881
 0
 13.129823262925424
 0.1741774621199208
 1
 -0.85774011743907286
 -0.51408354470417095
 0
 0.51408354470417095
 -0.85774011743907286
 0
 12.250110608609527
 0.079204138955534686
 1
 -0.87086451728049419
 -0.49152313530678493
 0
 0.49152313530678488
 -0.87086451728049408
 0
 11.916364149506935
 0.12560913979853061
 1
 -0.90434622390389074
 -0.4267996102514317
 0
 0.4267996102514317
 -0.90434622390389063
 0
 12.246745642659125
 0.29451018851414723
 1
 -0.60435978576373284
 0.79671152204020179
 0
 -0.79671152204020179
 -0.60435978576373284
 0
 11.246096723418058
 0.048458008367746386
 1
 0.87187158393390951
 0.48973456190938364
 0
 -0.48973456190938358
 0.87187158393390951
 0
 11.396291594322088
 0.10171325543917376
 1
 0.052896514698848825
 -0.99859999936546873
 0
 0.99859999936546895
 0.052896514698848963
 0
 11.428120366832758
 -0.91210785783593962
 1
 -0.17192253396127591
 -0.98511047213819314
 0
 0.98511047213819336
 -0.17192253396127588
 0
 11.352116786014907
 -1.9136512894052489
 1
 -0.046232687322121206
 -0.99893069760768438
 0
 0.99893069760768416
 -0.046232687322121192
 0
 11.270939685341382
 -2.8998020433300034
 1
 0.042507756010967172
 -0.99909613685516374
 0
 0.99909613685516385
 0.042507756010967165
 0
 11.41371660213685
 -2.884238130666736
 1
 0.97164346051135009
 -0.23645081020273268
 0
 0.23645081020273268
 0.97164346051135009
 0
 12.315654083566654
 -2.9224618515430256
 1
 0.8960871321324716
 -0.44387819458338162
 0
 0.44387819458338162
 0.89608713213247149
 0
 11.66401551317596
 -3.6448083365504216
 1
 -0.90137332742080045
 0.43304286694778132
 0
 -0.43304286694778132
 -0.90137332742080079
 0
 12.333221459140281
 -2.931704960864661
 1
 -0.77214574522723978
 0.63544547219054937
 0
 -0.63544547219054925
 -0.77214574522723978
 0
 10.966640929424425
 -2.7943333539439541
 1
 -0.70977781870080581
 0.7044256157184563
 0
 -0.70442561571845619
 -0.7097778187008057
 0
 10.362357144978345
 -2.8715073219823846
 1
 -0.75944436363098422
 0.65057225467209223
 0
 -0.65057225467209223
 -0.75944436363098433
 0
 9.6186687944724625
 -2.9870273059180006
 1
 -0.77615971249807714
 0.63053635953440601
 0
 -0.63053635953440623
 -0.77615971249807736
 0
 9.4221408132391673
 -2.9573852584803402
 1
 -0.68016552221632676
 -0.73305856681999937
 0
 0.73305856681999959
 -0.68016552221632698
 0
 9.3251085649698897
 -3.9200296123915011
 1
 -0.69192716891976491
 -0.72196730736971682
 0
 0.72196730736971648
 -0.69192716891976469
 0
 9.2193228673110568
 -4.8073828285494393
 1
 -0.51023241094138427
 -0.86003656133035555
 0
 0.86003656133035544
 -0.51023241094138427
 0
 9.2335216757014944
 -5.8924090986449311
 1
 -0.12436791748654574
 -0.99223617203771608
 0
 0.99223617203771619
 -0.12436791748654574
 0
 9.2321592979065539
 -6.9335750537011869
 1
 0.0072290732675271098
 -0.99997386990845549
 0
 0.99997386990845571
 0.007229073267527108
 0
 9.2125974938418604
 -7.9054462707561406
 1
 -0.21368286728155197
 -0.9769030823118201
 0
 0.97690308231181966
 -0.21368286728155195
 0
 9.2758742118334396
 -8.9967027143154645
 1
 -0.33756951255597689
 -0.94130060246061686
 0
 0.94130060246061686
 -0.33756951255597684
 0
 9.4736617459200136
 -10.271519618254668
 1
 -0.27418791110154245
 -0.96167613540410413
 0
 0.96167613540410413
 -0.27418791110154234
 0
 9.4752631430619747
 -11.292405258005704
 1
 -0.4179415346764816
 -0.9084739256534925
 0
 0.90847392565349228
 -0.41794153467648154
 0
 9.3805255149040736
 -12.120145826393848
 1
 -0.53889790925565451
 -0.84237108414278117
 0
 0.84237108414278117
 -0.53889790925565462
 0
 9.3603742869323181
 -13.085106188992942
 1
 -0.64400923325617743
 -0.76501771710254562
 0
 0.76501771710254551
 -0.64400923325617743
 0
 9.4076636088729124
 -14.200311684184127
 1
 -0.63277337703142078
 -0.77433704116505453
 0
 0.77433704116505475
 -0.63277337703142078
 0
 9.3665391902670194
 -14.046714440292769
 1
 0.49746084115359657
 0.86748643304593298
 0
 -0.86748643304593287
